34036028,180463340
180463340,180463340
20562637,180463340
97409621,180463340
4775573985,180463340
831661215113936896,180463340
1429952910,180463340
602213856,180463340
193240478,180463340
159130848,180463340
316238973,180463340
2483870164,180463340
823631202,180463340
835052383,180463340
3244738203,180463340
275444029,180463340
1322817595,180463340
559476095,180463340
236841405,180463340
3248004258,180463340
2888320925,180463340
1331204348,180463340
329137787,180463340
4838165926,180463340
55391980,180463340
1720256796,180463340
798184854731030528,180463340
791539138407362560,180463340
190970433,180463340
116529841,180463340
2568801541,180463340
25837078,180463340
719252985130258432,180463340
799566699758583808,180463340
6604072,180463340
66061722,180463340
912196440,180463340
82698576,180463340
698788703922221056,180463340
58103857,180463340
618227289,180463340
802573466855755776,180463340
112768595,180463340
143161963,180463340
194018594,180463340
829819831608176640,180463340
356146063,180463340
257857451,180463340
2871982357,180463340
620487609,180463340
21619863,180463340
2244612608,180463340
2690495827,180463340
156777017,180463340
793203474120908800,180463340
1615444796,180463340
573971372,180463340
2906140489,180463340
3031158199,180463340
438742756,180463340
1855517916,25399731
47130443,25399731
50035763,25399731
116529841,25399731
1638145070,25399731
113533559,25399731
1014836089,25399731
711893872247443456,25399731
711207527778746368,25399731
2302145463,25399731
764888930877579264,25399731
37935744,25399731
33803669,25399731
24046977,25399731
945721254,25399731
3394529638,25399731
2360414760,25399731
1888542373,25399731
2829835915,25399731
3709587199,25399731
105023682,25399731
4925263570,25399731
3251959892,25399731
3995119037,25399731
38805355,25399731
13231002,25399731
1570782691,25399731
54640542,25399731
826308472773816321,25399731
4880844083,25399731
758293544444526593,25399731
20901851,25399731
211019590,25399731
1577834156,25399731
19529002,25399731
1571370649,25399731
75998366,25399731
832240946372866048,25399731
829656650864750593,25399731
3112451826,25399731
3438261849,25399731
3355565866,25399731
3378897167,25399731
829624248813572096,25399731
389544306,25399731
396870898,25399731
27380876,25399731
3290994920,25399731
269600673,25399731
746440346217877504,25399731
7157132,729468343
22490294,729468343
16312576,729468343
2479736293,729468343
807097239395069952,729468343
2655036301,729468343
816680096140496896,729468343
3688983554,729468343
822551063559602178,729468343
762972819546316800,729468343
259671898,729468343
282525468,729468343
2478310064,729468343
138572563,729468343
72917395,729468343
726614412828639233,729468343
2593672532,729468343
21619863,729468343
3145344712,729468343
424783708,729468343
817861446956630018,729468343
824943199915503621,729468343
3441989179,729468343
826066421868294145,729468343
794662895355314176,729468343
10512712,729468343
609212773,729468343
2743198515,729468343
826695000893296640,729468343
827574116362379264,729468343
827576446923202560,729468343
2860108601,729468343
478978182,729468343
998134171,729468343
824468047490588675,729468343
400653658,729468343
827689483420184576,729468343
186114701,729468343
829652260653240320,729468343
45141278,729468343
780219339098103808,729468343
121760455,729468343
18501977,729468343
828154943227908096,729468343
829631453214433281,729468343
2235368077,729468343
733575303910416384,729468343
3458927307,729468343
1294080457,729468343
340504000,729468343
3786129262,729468343
2318354151,729468343
827547137047195648,729468343
4860102221,729468343
827521457810874368,729468343
740966534,729468343
827503401072152578,729468343
882864740,729468343
2305049443,2305049443
223846292,2305049443
2675440706,2305049443
4241915717,2305049443
3344060177,2305049443
117977339,2305049443
820002545510871041,2305049443
636632661,2305049443
751727331333529600,2305049443
2878490634,2305049443
188875316,2305049443
2211031192,2305049443
3423709252,2305049443
807708201605038080,2305049443
475823734,2305049443
719668210,2305049443
745700281413959681,2305049443
1961260244,2305049443
768519113086013442,2305049443
1657455127,2305049443
2900964959,2305049443
439621856,2305049443
116529841,2305049443
218666318,2305049443
220619101,2305049443
3063093707,2305049443
433597746,2305049443
1963706654,2305049443
3537665363,2305049443
2802640942,2305049443
20873757,2305049443
434255511,2305049443
617287162,2305049443
69068886,2305049443
28486228,2305049443
49021147,2305049443
1163834018,2305049443
2586029714,2305049443
3280145039,2305049443
813790697161682944,2305049443
1560414182,1526052913
190337234,1526052913
2577141630,1526052913
39267240,1526052913
3982142002,1526052913
750957059278069760,1526052913
828641180749529089,1526052913
302916920,1526052913
602049304,1526052913
474233181,1526052913
3916524193,1526052913
196397829,1526052913
155945812,1526052913
2292726031,1526052913
1133628528,1526052913
3024247457,1526052913
18429575,1526052913
3280694497,1526052913
4743264858,1526052913
2886474864,1526052913
764369558215983104,1526052913
492335472,1526052913
72178236,1526052913
163191988,1526052913
149319815,1526052913
15397617,1526052913
789649226556776448,1526052913
3351126778,1526052913
3371666523,1526052913
601619375,1526052913
828545974909956096,1526052913
734691288801382400,1526052913
311630395,1526052913
240890062,1526052913
2365930814,1526052913
155090465,1526052913
170924836,1526052913
389751523,1526052913
136982943,1526052913
87857439,1526052913
765330238960173056,1526052913
782653285534543873,1526052913
294915361,1526052913
1059846337,1526052913
1094463146,1526052913
13986352,1526052913
811722230136606720,1526052913
2964840565,1526052913
261659319,1526052913
113910478,1526052913
1225550292,1526052913
2730066025,2730066025
16312576,2730066025
17221819,2730066025
1325479273,2730066025
772738277648588800,2730066025
1686374462,2730066025
321005543,2730066025
3037303031,2730066025
1361251052,2730066025
729971378015834113,2730066025
25364439,2730066025
797380478563188736,2730066025
95398415,2730066025
310363059,2730066025
3253957052,2730066025
387402425,2730066025
102928466,2730066025
3293353049,2730066025
75335399,2730066025
883484803,2730066025
297428826,2730066025
2954048812,2730066025
4821117250,2730066025
250199423,2730066025
2280337860,2730066025
15069137,2730066025
249754981,2730066025
2464747333,2730066025
720330787648712704,2730066025
856639596,2730066025
358935854,2730066025
346160258,2730066025
2909743996,2730066025
791539138407362560,2730066025
1225160762,2730066025
35215517,2730066025
3426528688,2730066025
119213104,2730066025
3070885655,2730066025
2775432571,2730066025
763403953161834496,2730066025
8389542,2730066025
911203728,2730066025
783001865923403776,2730066025
189519054,2730066025
3617849056,2730066025
3144617104,2730066025
3083374722,2730066025
180909648,2730066025
166587420,2730066025
2230312268,2730066025
874159700,2730066025
1586506646,2730066025
749262428358209536,2730066025
112094681,2730066025
2884371118,2730066025
491161020,2730066025
331784511,2730066025
741771563293396996,2730066025
1462821571,2730066025
19346439,1338021314
836142284,1338021314
25597770,1338021314
790902312273186816,1338021314
42097740,1338021314
716126574,1338021314
780874300651778048,1338021314
22874430,1338021314
44184539,1338021314
13904952,1338021314
57558947,1338021314
59968066,1338021314
107210762,1338021314
1490613415,1338021314
87998992,1338021314
2165075844,1338021314
821381182415929344,1338021314
22533565,1338021314
72037571,1338021314
4849564295,1338021314
1723752511,1338021314
626128250,1338021314
149018855,1338021314
731695075088965632,1338021314
536638453,1338021314
377326776,1338021314
369909818,1338021314
267185517,1338021314
375274232,1338021314
22033042,1338021314
88254641,1338021314
3457241715,1338021314
41671933,1338021314
174374024,1338021314
113266395,1338021314
811745225118883840,1338021314
23920722,1338021314
395751591,1338021314
20230497,1338021314
18686755,1338021314
39261638,1338021314
257519857,1338021314
190840213,1338021314
3096702665,1338021314
4836376679,1338021314
563319506,1338021314
287640384,1338021314
788470199859154954,1338021314
774023388696350720,1338021314
2798308393,1338021314
61428857,1338021314
104283990,1338021314
3043376265,1338021314
827492676748636160,1338021314
794913162403446784,1338021314
551565258,1338021314
2242553484,3071282773
776802365680783360,3071282773
828891823581982720,3071282773
854170262,3071282773
593434849,3071282773
59780105,3071282773
799656574377598976,3071282773
825265463206621184,3071282773
3337109773,3071282773
146014104,3071282773
1561123663,3320478908
15675138,3320478908
16312576,3320478908
2795917625,3320478908
4163172501,3320478908
557904497,3320478908
281197007,3320478908
2508774962,3320478908
283576820,3320478908
235015924,3320478908
558920636,3320478908
571136496,3320478908
1179696308,3320478908
883421593,3320478908
61571654,3320478908
349959527,3320478908
43851680,3320478908
367506140,3320478908
703120124585218048,3320478908
830968544531673089,3320478908
1064497988,3320478908
2486264953,3320478908
3323489007,3320478908
3043760685,3320478908
190150903,3320478908
144563429,3320478908
831734455987482624,3320478908
1947265657,3320478908
26164830,3320478908
167939590,3320478908
339237938,3320478908
825036227510427648,3320478908
73675740,3320478908
796938219766054912,3320478908
252354043,3320478908
27404671,3320478908
806351961368969216,3320478908
26015194,3320478908
3514281448,3320478908
608661793,3320478908
619604253,3320478908
706460202,3320478908
268483991,3320478908
524857313,3320478908
1325370577,3320478908
3308850354,3320478908
772234466,3320478908
3219680120,3320478908
4882482611,3320478908
275827219,3320478908
427402721,3320478908
1546267296,3320478908
1107698185,3320478908
826156014772879360,3320478908
167550475,3320478908
45886550,3320478908
32638987,3320478908
821691415,3320478908
2202322454,3320478908
456150780,3320478908
34036028,2984674484
91798498,2984674484
713326384689594369,2984674484
759863807829168129,2984674484
2729538973,2984674484
718139329,2984674484
1400421577,2984674484
22475567,2984674484
1649336216,2984674484
1134551455,2984674484
2239450970,2984674484
906221214,2984674484
906094669,2984674484
3244956503,2984674484
160664621,2984674484
271895024,2984674484
2425991104,2984674484
103276122,2984674484
26231665,2984674484
1261744980,2984674484
46187807,2984674484
106627836,2984674484
2329491332,2984674484
832698961,2984674484
51267340,2984674484
175975291,2984674484
2364012073,2984674484
2852869063,2984674484
98943235,2984674484
2680295116,2984674484
755469743813959680,2984674484
1676045917,715177919438577664
15279429,715177919438577664
467556982,715177919438577664
264350940,715177919438577664
3245380042,715177919438577664
103972238,715177919438577664
777481756530401280,715177919438577664
771506295740530688,715177919438577664
580163196,715177919438577664
2416535899,715177919438577664
60439150,715177919438577664
3076619962,715177919438577664
740542236279050240,715177919438577664
747559088851083265,715177919438577664
958812372,715177919438577664
23205168,715177919438577664
1600845996,715177919438577664
3255544476,715177919438577664
311619040,715177919438577664
724569629717307392,715177919438577664
3273353016,715177919438577664
307482524,715177919438577664
26005424,715177919438577664
727916516377776128,715177919438577664
735600578,715177919438577664
2828488982,715177919438577664
608534341,715177919438577664
1861506590,715177919438577664
221356983,715177919438577664
2189318959,715177919438577664
527795566,715177919438577664
2869854800,715177919438577664
87949854,715177919438577664
3244083225,715177919438577664
388267953,715177919438577664
3208587658,715177919438577664
2880169540,715177919438577664
38427782,715177919438577664
68967784,715177919438577664
2187348703,715177919438577664
270364366,715177919438577664
1649264197,715177919438577664
277638815,715177919438577664
828178324463681536,715177919438577664
1194028184,715177919438577664
2876618870,715177919438577664
1519923804,715177919438577664
3242172274,715177919438577664
1458689532,715177919438577664
15990840,715177919438577664
702145008,715177919438577664
24190570,715177919438577664
2617731666,715177919438577664
3027893001,715177919438577664
121420375,715177919438577664
827562695910182912,715177919438577664
331834827,715177919438577664
37465119,715177919438577664
763039871204102144,715177919438577664
762335835077300224,715177919438577664
755953153,755953153
17602896,755953153
4739352074,755953153
2660374267,755953153
2404779507,755953153
1236344678,755953153
152860596,755953153
720365540,755953153
2811055935,755953153
300488719,755953153
3598594752,755953153
705045644302483456,755953153
624755056,755953153
1817140952,755953153
586853032,755953153
804867544649711617,755953153
312178823,755953153
1444581031,755953153
831977361189064704,755953153
197583132,755953153
703780678714851328,755953153
93291964,755953153
263177253,755953153
4149169873,755953153
1013631061,755953153
610297247,755953153
349451389,755953153
19099624,755953153
729218437461868545,755953153
730118955264815104,755953153
622429862,755953153
195483941,755953153
716362186247917568,755953153
812651761836191744,755953153
775675243,755953153
600335194,755953153
59349650,755953153
725703627864739844,755953153
701115902226518016,755953153
77792535,755953153
2919807605,755953153
3009329629,755953153
384207652,755953153
100731439,755953153
755872912117211137,755953153
3136072366,755953153
25760658,755953153
442051393,755953153
139470152,755953153
820885611875880960,755953153
386077853,755953153
397606873,755953153
802987328113442816,755953153
146931268,755953153
141310600,755953153
51539473,755953153
3429388809,755953153
803309381441884161,755953153
3262175411,755953153
47125896,755953153
712784228493037568,712784228493037568
359052193,712784228493037568
733556672010948608,712784228493037568
588457327,712784228493037568
826906647960367105,712784228493037568
3062586568,712784228493037568
101387888,712784228493037568
800874203700428801,712784228493037568
2812469353,712784228493037568
283432802,712784228493037568
92162071,712784228493037568
2548600830,712784228493037568
14828250,712784228493037568
266690262,712784228493037568
775387959751274496,712784228493037568
225973875,712784228493037568
22726988,712784228493037568
61141493,712784228493037568
763868698461540352,712784228493037568
36696172,712784228493037568
228377836,712784228493037568
237721004,712784228493037568
3215138331,712784228493037568
21333829,712784228493037568
23843548,712784228493037568
4095854958,712784228493037568
157030457,712784228493037568
170071656,712784228493037568
311457738,712784228493037568
21981852,712784228493037568
381830057,712784228493037568
102564582,712784228493037568
240824849,712784228493037568
625946353,712784228493037568
747519414,712784228493037568
364505992,712784228493037568
587020937,712784228493037568
1576604677,712784228493037568
393692706,712784228493037568
319653318,712784228493037568
3862716268,712784228493037568
723449203196731393,712784228493037568
1902679392,712784228493037568
809976917428420608,712784228493037568
1882737830,712784228493037568
326820012,712784228493037568
725999701,712784228493037568
27875463,712784228493037568
206315380,712784228493037568
2540172624,712784228493037568
3147561206,712784228493037568
2590984165,712784228493037568
896224104,712784228493037568
258219301,712784228493037568
2860543544,712784228493037568
2154956187,712784228493037568
1215936494,712784228493037568
1049570605,712784228493037568
746118381695209473,712784228493037568
111741593,712784228493037568
2180163722,2180163722
275686586,2180163722
4164619935,2180163722
494251206,2180163722
1434170370,2180163722
739786588905963521,2180163722
1417577551,2180163722
22034859,2180163722
1026751802,2180163722
93008166,2180163722
185241346,2180163722
1217778918,2180163722
2848292689,2180163722
114345117,2180163722
1496219797,2180163722
702531797398097920,2180163722
826291464162390016,2180163722
826016161078730752,2180163722
155388352,2180163722
829625144813486080,2180163722
108957739,2180163722
828202711199932416,2180163722
718416404534403073,2180163722
217074572,2180163722
829657169901604865,2180163722
4898949303,2180163722
2508115482,2180163722
829626580116742145,2180163722
45322541,2180163722
39740583,2180163722
1655966923,2180163722
767789361270251520,2180163722
1452706604,2180163722
789717857319854080,2180163722
1463209416,2180163722
827495554016038912,2180163722
190225807,2180163722
3744250814,2180163722
832194354001408001,2180163722
722163387350822912,2180163722
827546250484580353,2180163722
263381664,2180163722
153465781,2180163722
3091291589,2180163722
819168320209436677,2180163722
1326156914,2180163722
739035636787744768,2180163722
4713648853,2180163722
953288744,2180163722
829853146755321857,2180163722
45329993,2180163722
1115275051,2180163722
558508091,2180163722
209542736,2180163722
2980228780,2180163722
1731834008,2180163722
829154375398354945,2180163722
1336004893,2180163722
1959277346,2180163722
137818470,2180163722
11350892,15458833
705191551467700225,15458833
456726486,15458833
397944047,15458833
4656581201,15458833
492572192,15458833
821622543148871681,15458833
76151863,15458833
3187006614,15458833
1612165776,15458833
226319809,15458833
33421396,15458833
26506984,15458833
717231997320568832,15458833
885237187,15458833
3485364629,15458833
830878195511595009,15458833
1974154638,15458833
4079363297,15458833
601505527,15458833
2261671499,15458833
1444339514,15458833
993720912,15458833
3004019318,15458833
356507344,15458833
17512048,15458833
423482037,15458833
1061759976,15458833
2912587607,15458833
827557156266205186,15458833
3146711812,15458833
2391385120,15458833
218598880,15458833
790591730613641216,15458833
3864641626,15458833
2369346965,15458833
51573223,15458833
317641090,15458833
2320385865,15458833
75827259,15458833
40782657,15458833
815543942703779841,15458833
385238944,15458833
3688514842,15458833
380015863,15458833
761882431993606144,15458833
272506462,15458833
3713816716,15458833
338993022,15458833
733557444,15458833
376323578,15458833
3128636835,15458833
4163329169,15458833
809191924859076619,15458833
542272481,15458833
2170671800,15458833
2454002147,15458833
709655125502119936,15458833
239207279,15458833
1122674268,15458833
1855517916,1855517916
46295276,1855517916
1081805576,1855517916
41187181,1855517916
394216985,1855517916
12135992,1855517916
20284575,1855517916
138145712,1855517916
21434144,1855517916
799510688326631425,1855517916
37957313,1855517916
37547375,1855517916
180201826,1855517916
727044447905652736,1855517916
549741156,1855517916
2992690144,1855517916
16312576,1855517916
808080017456562179,1855517916
2430626287,1855517916
730868840654090240,1855517916
26228753,1855517916
157993875,1855517916
711893872247443456,1855517916
2836786556,1855517916
828218798897496066,1855517916
1045136112,1855517916
829659679819128832,1855517916
2508857635,1855517916
243794169,1855517916
1292457306,1855517916
15632887,1855517916
260320105,1855517916
584651652,1855517916
1470855362,1855517916
826764124902260736,1855517916
826729777025392640,1855517916
3511674977,1855517916
15666463,1855517916
368509406,1855517916
396066634,1855517916
3375288033,1855517916
455471433,1855517916
249814491,1855517916
826308403681173505,1855517916
305575618,1855517916
2375938057,1855517916
826217334247354369,1855517916
826212313141276672,1855517916
618508464,1855517916
826319970900381696,1855517916
205240496,1855517916
51179843,1855517916
11763132,1855517916
2366406450,1855517916
64804499,1855517916
65114690,1855517916
144987297,1855517916
3365577003,1855517916
278652864,1855517916
2987226757,1855517916
237670274,237670274
282168818,237670274
17535206,237670274
131031011,237670274
3513480503,237670274
840836785,237670274
58214813,237670274
2309602127,237670274
37714315,237670274
74834740,237670274
774574377266536448,237670274
166496328,237670274
45819607,237670274
744776359,237670274
492287701,237670274
737376940743626752,237670274
380002442,237670274
1005118766,237670274
194271690,237670274
489525034,237670274
131829575,237670274
225096034,237670274
39576271,237670274
23188917,237670274
29712994,237670274
127289951,237670274
752913380013445120,237670274
64259644,237670274
2535727739,237670274
2468356912,237670274
3432748445,237670274
2476129182,237670274
821769467944378370,237670274
2330633610,237670274
148192251,237670274
823631202,237670274
33341596,237670274
19471413,237670274
370555874,237670274
460635928,237670274
20430278,237670274
43192528,237670274
3126985125,237670274
3242799224,237670274
27628707,237670274
2468384724,237670274
2930924969,237670274
2285755766,237670274
139885419,237670274
1616328637,237670274
3349409734,237670274
184851359,237670274
232701192,237670274
181412942,237670274
3372367953,237670274
1720256796,237670274
3412015493,237670274
2386750941,237670274
2999809811,237670274
2987028563,237670274
176895950,176895950
37011248,176895950
340484259,176895950
4011109227,176895950
18085565,176895950
557439021,176895950
1614377058,176895950
4830500693,176895950
1342905714,176895950
788992434143318017,176895950
43570347,176895950
823256275991531525,176895950
3194737608,176895950
469908168,176895950
357912185,176895950
328375812,176895950
1005234074,176895950
104459389,176895950
2829061353,176895950
3237701585,176895950
3342783933,176895950
913154971,176895950
2211468686,176895950
3033160811,176895950
403187400,176895950
1041930193,176895950
542594709,176895950
287986557,176895950
181999959,176895950
964075226,176895950
2156075504,176895950
90093850,176895950
1675198446,176895950
787794927119921152,176895950
3165307270,176895950
4917147619,176895950
2438398389,176895950
2922294443,176895950
1075443330,176895950
296839282,176895950
3364173772,176895950
3987659470,176895950
745915582520954881,176895950
4893501982,176895950
1223411058,176895950
624861583,176895950
938553978,176895950
363386327,176895950
1062924026,176895950
3307410953,176895950
2204017732,176895950
427932952,176895950
365161192,176895950
763531006196457472,176895950
777628577881853956,176895950
1392442196,176895950
161076939,176895950
1340398483,176895950
2731248761,176895950
2431385817,176895950
915643998,915643998
238250804,915643998
591908609,915643998
4272903322,915643998
1295049468,915643998
788538853648891904,915643998
2484670292,915643998
1591158223,915643998
2266671356,915643998
272665953,915643998
464220058,915643998
559586898,915643998
812353921,915643998
791019815628443648,915643998
161501784,915643998
2984668036,915643998
585041102,915643998
3419241903,915643998
702317960602320896,915643998
381584575,915643998
829757600141041664,915643998
2730465252,915643998
213000201,915643998
351888509,915643998
604823442,915643998
730188490978295808,915643998
905023238,915643998
2593382047,915643998
1123400965,915643998
30587296,915643998
273181052,273181052
54187940,273181052
2796394165,273181052
118362962,273181052
43266281,273181052
171911873,273181052
80796008,273181052
776913270775148548,273181052
92094464,273181052
602826193,273181052
1355071686,273181052
3375415007,273181052
3401775269,273181052
1894794834,273181052
829549886492246017,273181052
87293407,273181052
731951686474956800,273181052
295993942,273181052
213757973,273181052
111895260,273181052
584802053,273181052
23654228,273181052
824257634211655680,273181052
2149889769,273181052
1048873477,273181052
117821163,273181052
141026329,273181052
395879429,273181052
76413285,273181052
276701473,273181052
1454942197,273181052
1673236597,273181052
354291114,273181052
367989399,273181052
811966738933878784,273181052
801102241914585088,273181052
16524832,273181052
204436332,273181052
64328071,273181052
91650724,273181052
377231937,273181052
117405646,273181052
1429200006,273181052
21471374,273181052
1604854440,273181052
3147969671,273181052
1087161506,273181052
1069756897,273181052
779363233165639680,273181052
755282562,273181052
457840476,273181052
595236416,273181052
2954029701,273181052
204433033,273181052
2255474962,273181052
731023002381500416,273181052
18037010,273181052
494267360,273181052
81293644,273181052
257384662,273181052
734822891175464960,561447418
3010886904,561447418
3331898381,561447418
1108993952,561447418
4890233476,561447418
10914552,561447418
3826497149,561447418
789959977,561447418
741947033939005440,561447418
41024302,561447418
72034382,561447418
50828157,561447418
175835619,561447418
345929067,561447418
4607792592,561447418
2432011864,561447418
483998709,561447418
609301661,561447418
569479351,561447418
4407654622,561447418
193365426,561447418
746224650531700737,561447418
2339714023,561447418
1736114888,561447418
757164951257616384,561447418
78300059,561447418
3380727226,561447418
777794590845857793,561447418
118454368,561447418
3515537417,561447418
777523377800093696,561447418
3307221611,561447418
45916772,561447418
34976923,561447418
2464319228,561447418
816606056726036480,561447418
4274558235,561447418
57543217,561447418
789235355866259456,561447418
189553029,561447418
1457895841,561447418
706601053010132992,561447418
827666395949326337,561447418
1521461936,561447418
26481178,561447418
65184105,65184105
1360998552,65184105
3507161776,65184105
3399415181,65184105
730872014488121344,65184105
2870747440,65184105
3389581089,65184105
51523449,65184105
363908305,65184105
4822513995,65184105
24884469,65184105
2177185058,65184105
216094722,65184105
427399028,65184105
818514267653730305,65184105
3293363425,65184105
330556063,65184105
2688304771,65184105
718223573337403392,65184105
354251861,65184105
1602592279,65184105
18350441,65184105
33647511,65184105
4540944135,65184105
376065380,65184105
365197132,65184105
592131815,65184105
382098599,65184105
363235804,65184105
802281499768844288,65184105
2625674470,65184105
902477430,65184105
1323267302,65184105
817877695639982081,65184105
2925918393,65184105
787998657773731842,65184105
390941775,65184105
2288861288,65184105
2649329937,65184105
4289328804,65184105
604951383,65184105
35257484,65184105
1496267624,65184105
1413756193,65184105
3035062273,65184105
2763056665,65184105
766102251375038466,65184105
188479380,65184105
804387293486346240,65184105
3028035429,65184105
3048443102,65184105
831542852811304964,65184105
2966498907,65184105
429614069,65184105
2233056488,65184105
813579606,65184105
2751163978,65184105
3299179346,65184105
477816184,65184105
21414895,65184105
